 Dry Convective Boundary Layer LES Course Class 1 
     height(m)   ugeo(m/s) vgeo(m/s)  wfls(m/s)    not_used   not_used     dqtdtls(kg/kg/s)    dthldt(K/s)  
2.500     5.000      0.000  0.000000   0.0   0.0   0.0   0.0
     7.500   5.000   0.000  0.000000   0.0   0.0   0.0   0.0
    12.500   5.000   0.000  0.000000   0.0   0.0   0.0   0.0
    17.500   5.000   0.000  0.000000   0.0   0.0   0.0   0.0
    22.500   5.000   0.000  0.000000   0.0   0.0   0.0   0.0
    27.500   5.000   0.000  0.000000   0.0   0.0   0.0   0.0
    32.500   5.000   0.000  0.000000   0.0   0.0   0.0   0.0
    37.500   5.000   0.000  0.000000   0.0   0.0   0.0   0.0
    42.500   5.000   0.000  0.000000   0.0   0.0   0.0   0.0
    47.500   5.000   0.000  0.000000   0.0   0.0   0.0   0.0
    52.500   5.000   0.000  0.000000   0.0   0.0   0.0   0.0
    57.500   5.000   0.000  0.000000   0.0   0.0   0.0   0.0
    62.500   5.000   0.000  0.000000   0.0   0.0   0.0   0.0
    67.500   5.000   0.000  0.000000   0.0   0.0   0.0   0.0
    72.500   5.000   0.000  0.000000   0.0   0.0   0.0   0.0
    77.500   5.000   0.000  0.000000   0.0   0.0   0.0   0.0
    82.500   5.000   0.000  0.000000   0.0   0.0   0.0   0.0
    87.500   5.000   0.000  0.000000   0.0   0.0   0.0   0.0
    92.500   5.000   0.000  0.000000   0.0   0.0   0.0   0.0
    97.500   5.000   0.000  0.000000   0.0   0.0   0.0   0.0
   102.500   5.000   0.000  0.000000   0.0   0.0   0.0   0.0
   107.500   5.000   0.000  0.000000   0.0   0.0   0.0   0.0
   112.500   5.000   0.000  0.000000   0.0   0.0   0.0   0.0
   117.500   5.000   0.000  0.000000   0.0   0.0   0.0   0.0
   122.500   5.000   0.000  0.000000   0.0   0.0   0.0   0.0
   127.500   5.000   0.000  0.000000   0.0   0.0   0.0   0.0
   132.500   5.000   0.000  0.000000   0.0   0.0   0.0   0.0
   137.500   5.000   0.000  0.000000   0.0   0.0   0.0   0.0
   142.500   5.000   0.000  0.000000   0.0   0.0   0.0   0.0
   147.500   5.000   0.000  0.000000   0.0   0.0   0.0   0.0
   152.500   5.000   0.000  0.000000   0.0   0.0   0.0   0.0
   157.500   5.000   0.000  0.000000   0.0   0.0   0.0   0.0
   162.500   5.000   0.000  0.000000   0.0   0.0   0.0   0.0
   167.500   5.000   0.000  0.000000   0.0   0.0   0.0   0.0
   172.500   5.000   0.000  0.000000   0.0   0.0   0.0   0.0
   177.500   5.000   0.000  0.000000   0.0   0.0   0.0   0.0
   182.500   5.000   0.000  0.000000   0.0   0.0   0.0   0.0
   187.500   5.000   0.000  0.000000   0.0   0.0   0.0   0.0
   192.500   5.000   0.000  0.000000   0.0   0.0   0.0   0.0
   197.500   5.000   0.000  0.000000   0.0   0.0   0.0   0.0
   202.500   5.000   0.000  0.000000   0.0   0.0   0.0   0.0
   207.500   5.000   0.000  0.000000   0.0   0.0   0.0   0.0
   212.500   5.000   0.000  0.000000   0.0   0.0   0.0   0.0
   217.500   5.000   0.000  0.000000   0.0   0.0   0.0   0.0
   222.500   5.000   0.000  0.000000   0.0   0.0   0.0   0.0
   227.500   5.000   0.000  0.000000   0.0   0.0   0.0   0.0
   232.500   5.000   0.000  0.000000   0.0   0.0   0.0   0.0
   237.500   5.000   0.000  0.000000   0.0   0.0   0.0   0.0
   242.500   5.000   0.000  0.000000   0.0   0.0   0.0   0.0
   247.500   5.000   0.000  0.000000   0.0   0.0   0.0   0.0
   252.500   5.000   0.000  0.000000   0.0   0.0   0.0   0.0
   257.500   5.000   0.000  0.000000   0.0   0.0   0.0   0.0
   262.500   5.000   0.000  0.000000   0.0   0.0   0.0   0.0
   267.500   5.000   0.000  0.000000   0.0   0.0   0.0   0.0
   272.500   5.000   0.000  0.000000   0.0   0.0   0.0   0.0
   277.500   5.000   0.000  0.000000   0.0   0.0   0.0   0.0
   282.500   5.000   0.000  0.000000   0.0   0.0   0.0   0.0
   287.500   5.000   0.000  0.000000   0.0   0.0   0.0   0.0
   292.500   5.000   0.000  0.000000   0.0   0.0   0.0   0.0
   297.500   5.000   0.000  0.000000   0.0   0.0   0.0   0.0
   302.500   5.000   0.000  0.000000   0.0   0.0   0.0   0.0
   307.500   5.000   0.000  0.000000   0.0   0.0   0.0   0.0
   312.500   5.000   0.000  0.000000   0.0   0.0   0.0   0.0
   317.500   5.000   0.000  0.000000   0.0   0.0   0.0   0.0
   322.500   5.000   0.000  0.000000   0.0   0.0   0.0   0.0
   327.500   5.000   0.000  0.000000   0.0   0.0   0.0   0.0
   332.500   5.000   0.000  0.000000   0.0   0.0   0.0   0.0
   337.500   5.000   0.000  0.000000   0.0   0.0   0.0   0.0
   342.500   5.000   0.000  0.000000   0.0   0.0   0.0   0.0
   347.500   5.000   0.000  0.000000   0.0   0.0   0.0   0.0
   352.500   5.000   0.000  0.000000   0.0   0.0   0.0   0.0
   357.500   5.000   0.000  0.000000   0.0   0.0   0.0   0.0
   362.500   5.000   0.000  0.000000   0.0   0.0   0.0   0.0
   367.500   5.000   0.000  0.000000   0.0   0.0   0.0   0.0
   372.500   5.000   0.000  0.000000   0.0   0.0   0.0   0.0
   377.500   5.000   0.000  0.000000   0.0   0.0   0.0   0.0
   382.500   5.000   0.000  0.000000   0.0   0.0   0.0   0.0
   387.500   5.000   0.000  0.000000   0.0   0.0   0.0   0.0
   392.500   5.000   0.000  0.000000   0.0   0.0   0.0   0.0
   397.500   5.000   0.000  0.000000   0.0   0.0   0.0   0.0
   402.500   5.000   0.000  0.000000   0.0   0.0   0.0   0.0
   407.500   5.000   0.000  0.000000   0.0   0.0   0.0   0.0
   412.500   5.000   0.000  0.000000   0.0   0.0   0.0   0.0
   417.500   5.000   0.000  0.000000   0.0   0.0   0.0   0.0
   422.500   5.000   0.000  0.000000   0.0   0.0   0.0   0.0
   427.500   5.000   0.000  0.000000   0.0   0.0   0.0   0.0
   432.500   5.000   0.000  0.000000   0.0   0.0   0.0   0.0
   437.500   5.000   0.000  0.000000   0.0   0.0   0.0   0.0
   442.500   5.000   0.000  0.000000   0.0   0.0   0.0   0.0
   447.500   5.000   0.000  0.000000   0.0   0.0   0.0   0.0
   452.500   5.000   0.000  0.000000   0.0   0.0   0.0   0.0
   457.500   5.000   0.000  0.000000   0.0   0.0   0.0   0.0
   462.500   5.000   0.000  0.000000   0.0   0.0   0.0   0.0
   467.500   5.000   0.000  0.000000   0.0   0.0   0.0   0.0
   472.500   5.000   0.000  0.000000   0.0   0.0   0.0   0.0
   477.500   5.000   0.000  0.000000   0.0   0.0   0.0   0.0
   482.500   5.000   0.000  0.000000   0.0   0.0   0.0   0.0
   487.500   5.000   0.000  0.000000   0.0   0.0   0.0   0.0
   492.500   5.000   0.000  0.000000   0.0   0.0   0.0   0.0
   497.500   5.000   0.000  0.000000   0.0   0.0   0.0   0.0
   502.500   5.000   0.000  0.000000   0.0   0.0   0.0   0.0
   507.500   5.000   0.000  0.000000   0.0   0.0   0.0   0.0
   512.500   5.000   0.000  0.000000   0.0   0.0   0.0   0.0
   517.500   5.000   0.000  0.000000   0.0   0.0   0.0   0.0
   522.500   5.000   0.000  0.000000   0.0   0.0   0.0   0.0
   527.500   5.000   0.000  0.000000   0.0   0.0   0.0   0.0
   532.500   5.000   0.000  0.000000   0.0   0.0   0.0   0.0
   537.500   5.000   0.000  0.000000   0.0   0.0   0.0   0.0
   542.500   5.000   0.000  0.000000   0.0   0.0   0.0   0.0
   547.500   5.000   0.000  0.000000   0.0   0.0   0.0   0.0
   552.500   5.000   0.000  0.000000   0.0   0.0   0.0   0.0
   557.500   5.000   0.000  0.000000   0.0   0.0   0.0   0.0
   562.500   5.000   0.000  0.000000   0.0   0.0   0.0   0.0
   567.500   5.000   0.000  0.000000   0.0   0.0   0.0   0.0
   572.500   5.000   0.000  0.000000   0.0   0.0   0.0   0.0
   577.500   5.000   0.000  0.000000   0.0   0.0   0.0   0.0
   582.500   5.000   0.000  0.000000   0.0   0.0   0.0   0.0
   587.500   5.000   0.000  0.000000   0.0   0.0   0.0   0.0
   592.500   5.000   0.000  0.000000   0.0   0.0   0.0   0.0
   597.500   5.000   0.000  0.000000   0.0   0.0   0.0   0.0
   602.500   5.000   0.000  0.000000   0.0   0.0   0.0   0.0
   607.500   5.000   0.000  0.000000   0.0   0.0   0.0   0.0
   612.500   5.000   0.000  0.000000   0.0   0.0   0.0   0.0
   617.500   5.000   0.000  0.000000   0.0   0.0   0.0   0.0
   622.500   5.000   0.000  0.000000   0.0   0.0   0.0   0.0
   627.500   5.000   0.000  0.000000   0.0   0.0   0.0   0.0
   632.500   5.000   0.000  0.000000   0.0   0.0   0.0   0.0
   637.500   5.000   0.000  0.000000   0.0   0.0   0.0   0.0
   642.500   5.000   0.000  0.000000   0.0   0.0   0.0   0.0
   647.500   5.000   0.000  0.000000   0.0   0.0   0.0   0.0
   652.500   5.000   0.000  0.000000   0.0   0.0   0.0   0.0
   657.500   5.000   0.000  0.000000   0.0   0.0   0.0   0.0
   662.500   5.000   0.000  0.000000   0.0   0.0   0.0   0.0
   667.500   5.000   0.000  0.000000   0.0   0.0   0.0   0.0
   672.500   5.000   0.000  0.000000   0.0   0.0   0.0   0.0
   677.500   5.000   0.000  0.000000   0.0   0.0   0.0   0.0
   682.500   5.000   0.000  0.000000   0.0   0.0   0.0   0.0
   687.500   5.000   0.000  0.000000   0.0   0.0   0.0   0.0
   692.500   5.000   0.000  0.000000   0.0   0.0   0.0   0.0
   697.500   5.000   0.000  0.000000   0.0   0.0   0.0   0.0
   702.500   5.000   0.000  0.000000   0.0   0.0   0.0   0.0
   707.500   5.000   0.000  0.000000   0.0   0.0   0.0   0.0
   712.500   5.000   0.000  0.000000   0.0   0.0   0.0   0.0
   717.500   5.000   0.000  0.000000   0.0   0.0   0.0   0.0
   722.500   5.000   0.000  0.000000   0.0   0.0   0.0   0.0
   727.500   5.000   0.000  0.000000   0.0   0.0   0.0   0.0
   732.500   5.000   0.000  0.000000   0.0   0.0   0.0   0.0
   737.500   5.000   0.000  0.000000   0.0   0.0   0.0   0.0
   742.500   5.000   0.000  0.000000   0.0   0.0   0.0   0.0
   747.500   5.000   0.000  0.000000   0.0   0.0   0.0   0.0
   752.500   5.000   0.000  0.000000   0.0   0.0   0.0   0.0
   757.500   5.000   0.000  0.000000   0.0   0.0   0.0   0.0
   762.500   5.000   0.000  0.000000   0.0   0.0   0.0   0.0
   767.500   5.000   0.000  0.000000   0.0   0.0   0.0   0.0
   772.500   5.000   0.000  0.000000   0.0   0.0   0.0   0.0
   777.500   5.000   0.000  0.000000   0.0   0.0   0.0   0.0
   782.500   5.000   0.000  0.000000   0.0   0.0   0.0   0.0
   787.500   5.000   0.000  0.000000   0.0   0.0   0.0   0.0
   792.500   5.000   0.000  0.000000   0.0   0.0   0.0   0.0
   797.500   5.000   0.000  0.000000   0.0   0.0   0.0   0.0
   802.500   5.000   0.000  0.000000   0.0   0.0   0.0   0.0
   807.500   5.000   0.000  0.000000   0.0   0.0   0.0   0.0
   812.500   5.000   0.000  0.000000   0.0   0.0   0.0   0.0
   817.500   5.000   0.000  0.000000   0.0   0.0   0.0   0.0
   822.500   5.000   0.000  0.000000   0.0   0.0   0.0   0.0
   827.500   5.000   0.000  0.000000   0.0   0.0   0.0   0.0
   832.500   5.000   0.000  0.000000   0.0   0.0   0.0   0.0
   837.500   5.000   0.000  0.000000   0.0   0.0   0.0   0.0
   842.500   5.000   0.000  0.000000   0.0   0.0   0.0   0.0
   847.500   5.000   0.000  0.000000   0.0   0.0   0.0   0.0
   852.500   5.000   0.000  0.000000   0.0   0.0   0.0   0.0
   857.500   5.000   0.000  0.000000   0.0   0.0   0.0   0.0
   862.500   5.000   0.000  0.000000   0.0   0.0   0.0   0.0
   867.500   5.000   0.000  0.000000   0.0   0.0   0.0   0.0
   872.500   5.000   0.000  0.000000   0.0   0.0   0.0   0.0
   877.500   5.000   0.000  0.000000   0.0   0.0   0.0   0.0
   882.500   5.000   0.000  0.000000   0.0   0.0   0.0   0.0
   887.500   5.000   0.000  0.000000   0.0   0.0   0.0   0.0
   892.500   5.000   0.000  0.000000   0.0   0.0   0.0   0.0
   897.500   5.000   0.000  0.000000   0.0   0.0   0.0   0.0
   902.500   5.000   0.000  0.000000   0.0   0.0   0.0   0.0
   907.500   5.000   0.000  0.000000   0.0   0.0   0.0   0.0
   912.500   5.000   0.000  0.000000   0.0   0.0   0.0   0.0
   917.500   5.000   0.000  0.000000   0.0   0.0   0.0   0.0
   922.500   5.000   0.000  0.000000   0.0   0.0   0.0   0.0
   927.500   5.000   0.000  0.000000   0.0   0.0   0.0   0.0
   932.500   5.000   0.000  0.000000   0.0   0.0   0.0   0.0
   937.500   5.000   0.000  0.000000   0.0   0.0   0.0   0.0
   942.500   5.000   0.000  0.000000   0.0   0.0   0.0   0.0
   947.500   5.000   0.000  0.000000   0.0   0.0   0.0   0.0
   952.500   5.000   0.000  0.000000   0.0   0.0   0.0   0.0
   957.500   5.000   0.000  0.000000   0.0   0.0   0.0   0.0
   962.500   5.000   0.000  0.000000   0.0   0.0   0.0   0.0
   967.500   5.000   0.000  0.000000   0.0   0.0   0.0   0.0
   972.500   5.000   0.000  0.000000   0.0   0.0   0.0   0.0
   977.500   5.000   0.000  0.000000   0.0   0.0   0.0   0.0
   982.500   5.000   0.000  0.000000   0.0   0.0   0.0   0.0
   987.500   5.000   0.000  0.000000   0.0   0.0   0.0   0.0
   992.500   5.000   0.000  0.000000   0.0   0.0   0.0   0.0
   997.500   5.000   0.000  0.000000   0.0   0.0   0.0   0.0
