 Dry Convective Boundary Layer LES Course Class 1 
     height(m)   thl(K)     qt(kg/kg)       u(m/s)     v(m/s)     tke(m2/s2)
      2.50000      293.000      0.00000      5.00000      0.00000      1.00000
      7.50000      293.000      0.00000      5.00000      0.00000      1.00000
      12.5000      293.000      0.00000      5.00000      0.00000      1.00000
      17.5000      293.000      0.00000      5.00000      0.00000      1.00000
      22.5000      293.000      0.00000      5.00000      0.00000      1.00000
      27.5000      293.000      0.00000      5.00000      0.00000      1.00000
      32.5000      293.000      0.00000      5.00000      0.00000      1.00000
      37.5000      293.000      0.00000      5.00000      0.00000      1.00000
      42.5000      293.000      0.00000      5.00000      0.00000      1.00000
      47.5000      293.000      0.00000      5.00000      0.00000      1.00000
      52.5000      293.000      0.00000      5.00000      0.00000      1.00000
      57.5000      293.000      0.00000      5.00000      0.00000      1.00000
      62.5000      293.000      0.00000      5.00000      0.00000      1.00000
      67.5000      293.000      0.00000      5.00000      0.00000      1.00000
      72.5000      293.000      0.00000      5.00000      0.00000      1.00000
      77.5000      293.000      0.00000      5.00000      0.00000      1.00000
      82.5000      293.000      0.00000      5.00000      0.00000      1.00000
      87.5000      293.000      0.00000      5.00000      0.00000      1.00000
      92.5000      293.000      0.00000      5.00000      0.00000      1.00000
      97.5000      293.000      0.00000      5.00000      0.00000      1.00000
      102.500      293.000      0.00000      5.00000      0.00000      0.00000
      107.500      293.000      0.00000      5.00000      0.00000      0.00000
      112.500      293.000      0.00000      5.00000      0.00000      0.00000
      117.500      293.000      0.00000      5.00000      0.00000      0.00000
      122.500      293.000      0.00000      5.00000      0.00000      0.00000
      127.500      293.000      0.00000      5.00000      0.00000      0.00000
      132.500      293.000      0.00000      5.00000      0.00000      0.00000
      137.500      293.000      0.00000      5.00000      0.00000      0.00000
      142.500      293.000      0.00000      5.00000      0.00000      0.00000
      147.500      293.000      0.00000      5.00000      0.00000      0.00000
      152.500      293.000      0.00000      5.00000      0.00000      0.00000
      157.500      293.000      0.00000      5.00000      0.00000      0.00000
      162.500      293.000      0.00000      5.00000      0.00000      0.00000
      167.500      293.000      0.00000      5.00000      0.00000      0.00000
      172.500      293.000      0.00000      5.00000      0.00000      0.00000
      177.500      293.000      0.00000      5.00000      0.00000      0.00000
      182.500      293.000      0.00000      5.00000      0.00000      0.00000
      187.500      293.000      0.00000      5.00000      0.00000      0.00000
      192.500      293.000      0.00000      5.00000      0.00000      0.00000
      197.500      293.000      0.00000      5.00000      0.00000      0.00000
      202.500      293.000      0.00000      5.00000      0.00000      0.00000
      207.500      293.000      0.00000      5.00000      0.00000      0.00000
      212.500      293.000      0.00000      5.00000      0.00000      0.00000
      217.500      293.000      0.00000      5.00000      0.00000      0.00000
      222.500      293.000      0.00000      5.00000      0.00000      0.00000
      227.500      293.000      0.00000      5.00000      0.00000      0.00000
      232.500      293.000      0.00000      5.00000      0.00000      0.00000
      237.500      293.000      0.00000      5.00000      0.00000      0.00000
      242.500      293.000      0.00000      5.00000      0.00000      0.00000
      247.500      293.000      0.00000      5.00000      0.00000      0.00000
      252.500      293.000      0.00000      5.00000      0.00000      0.00000
      257.500      293.000      0.00000      5.00000      0.00000      0.00000
      262.500      293.000      0.00000      5.00000      0.00000      0.00000
      267.500      293.000      0.00000      5.00000      0.00000      0.00000
      272.500      293.000      0.00000      5.00000      0.00000      0.00000
      277.500      293.000      0.00000      5.00000      0.00000      0.00000
      282.500      293.000      0.00000      5.00000      0.00000      0.00000
      287.500      293.000      0.00000      5.00000      0.00000      0.00000
      292.500      293.000      0.00000      5.00000      0.00000      0.00000
      297.500      293.000      0.00000      5.00000      0.00000      0.00000
      302.500      293.000      0.00000      5.00000      0.00000      0.00000
      307.500      293.000      0.00000      5.00000      0.00000      0.00000
      312.500      293.000      0.00000      5.00000      0.00000      0.00000
      317.500      293.000      0.00000      5.00000      0.00000      0.00000
      322.500      293.000      0.00000      5.00000      0.00000      0.00000
      327.500      293.000      0.00000      5.00000      0.00000      0.00000
      332.500      293.000      0.00000      5.00000      0.00000      0.00000
      337.500      293.000      0.00000      5.00000      0.00000      0.00000
      342.500      293.000      0.00000      5.00000      0.00000      0.00000
      347.500      293.000      0.00000      5.00000      0.00000      0.00000
      352.500      293.000      0.00000      5.00000      0.00000      0.00000
      357.500      293.000      0.00000      5.00000      0.00000      0.00000
      362.500      293.000      0.00000      5.00000      0.00000      0.00000
      367.500      293.000      0.00000      5.00000      0.00000      0.00000
      372.500      293.000      0.00000      5.00000      0.00000      0.00000
      377.500      293.000      0.00000      5.00000      0.00000      0.00000
      382.500      293.000      0.00000      5.00000      0.00000      0.00000
      387.500      293.000      0.00000      5.00000      0.00000      0.00000
      392.500      293.000      0.00000      5.00000      0.00000      0.00000
      397.500      293.000      0.00000      5.00000      0.00000      0.00000
      402.500      293.000      0.00000      5.00000      0.00000      0.00000
      407.500      293.000      0.00000      5.00000      0.00000      0.00000
      412.500      293.000      0.00000      5.00000      0.00000      0.00000
      417.500      293.000      0.00000      5.00000      0.00000      0.00000
      422.500      293.000      0.00000      5.00000      0.00000      0.00000
      427.500      293.000      0.00000      5.00000      0.00000      0.00000
      432.500      293.000      0.00000      5.00000      0.00000      0.00000
      437.500      293.000      0.00000      5.00000      0.00000      0.00000
      442.500      293.000      0.00000      5.00000      0.00000      0.00000
      447.500      293.000      0.00000      5.00000      0.00000      0.00000
      452.500      293.000      0.00000      5.00000      0.00000      0.00000
      457.500      293.000      0.00000      5.00000      0.00000      0.00000
      462.500      293.000      0.00000      5.00000      0.00000      0.00000
      467.500      293.000      0.00000      5.00000      0.00000      0.00000
      472.500      293.000      0.00000      5.00000      0.00000      0.00000
      477.500      293.000      0.00000      5.00000      0.00000      0.00000
      482.500      293.000      0.00000      5.00000      0.00000      0.00000
      487.500      293.000      0.00000      5.00000      0.00000      0.00000
      492.500      293.000      0.00000      5.00000      0.00000      0.00000
      497.500      293.000      0.00000      5.00000      0.00000      0.00000
      502.500      293.000      0.00000      5.00000      0.00000      0.00000
      507.500      293.000      0.00000      5.00000      0.00000      0.00000
      512.500      293.000      0.00000      5.00000      0.00000      0.00000
      517.500      293.000      0.00000      5.00000      0.00000      0.00000
      522.500      293.000      0.00000      5.00000      0.00000      0.00000
      527.500      293.000      0.00000      5.00000      0.00000      0.00000
      532.500      293.000      0.00000      5.00000      0.00000      0.00000
      537.500      293.000      0.00000      5.00000      0.00000      0.00000
      542.500      293.000      0.00000      5.00000      0.00000      0.00000
      547.500      293.000      0.00000      5.00000      0.00000      0.00000
      552.500      293.000      0.00000      5.00000      0.00000      0.00000
      557.500      293.000      0.00000      5.00000      0.00000      0.00000
      562.500      293.000      0.00000      5.00000      0.00000      0.00000
      567.500      293.000      0.00000      5.00000      0.00000      0.00000
      572.500      293.000      0.00000      5.00000      0.00000      0.00000
      577.500      293.000      0.00000      5.00000      0.00000      0.00000
      582.500      293.000      0.00000      5.00000      0.00000      0.00000
      587.500      293.000      0.00000      5.00000      0.00000      0.00000
      592.500      293.000      0.00000      5.00000      0.00000      0.00000
      597.500      293.000      0.00000      5.00000      0.00000      0.00000
      602.500      293.000      0.00000      5.00000      0.00000      0.00000
      607.500      293.000      0.00000      5.00000      0.00000      0.00000
      612.500      293.000      0.00000      5.00000      0.00000      0.00000
      617.500      293.000      0.00000      5.00000      0.00000      0.00000
      622.500      293.000      0.00000      5.00000      0.00000      0.00000
      627.500      293.000      0.00000      5.00000      0.00000      0.00000
      632.500      293.000      0.00000      5.00000      0.00000      0.00000
      637.500      293.000      0.00000      5.00000      0.00000      0.00000
      642.500      293.000      0.00000      5.00000      0.00000      0.00000
      647.500      293.000      0.00000      5.00000      0.00000      0.00000
      652.500      293.000      0.00000      5.00000      0.00000      0.00000
      657.500      293.000      0.00000      5.00000      0.00000      0.00000
      662.500      293.000      0.00000      5.00000      0.00000      0.00000
      667.500      293.000      0.00000      5.00000      0.00000      0.00000
      672.500      293.000      0.00000      5.00000      0.00000      0.00000
      677.500      293.000      0.00000      5.00000      0.00000      0.00000
      682.500      293.000      0.00000      5.00000      0.00000      0.00000
      687.500      293.000      0.00000      5.00000      0.00000      0.00000
      692.500      293.000      0.00000      5.00000      0.00000      0.00000
      697.500      293.000      0.00000      5.00000      0.00000      0.00000
      702.500      293.000      0.00000      5.00000      0.00000      0.00000
      707.500      301.538      0.00000      5.00000      0.00000      0.00000
      712.500      301.562      0.00000      5.00000      0.00000      0.00000
      717.500      301.587      0.00000      5.00000      0.00000      0.00000
      722.500      301.612      0.00000      5.00000      0.00000      0.00000
      727.500      301.638      0.00000      5.00000      0.00000      0.00000
      732.500      301.663      0.00000      5.00000      0.00000      0.00000
      737.500      301.688      0.00000      5.00000      0.00000      0.00000
      742.500      301.712      0.00000      5.00000      0.00000      0.00000
      747.500      301.737      0.00000      5.00000      0.00000      0.00000
      752.500      301.763      0.00000      5.00000      0.00000      0.00000
      757.500      301.788      0.00000      5.00000      0.00000      0.00000
      762.500      301.812      0.00000      5.00000      0.00000      0.00000
      767.500      301.837      0.00000      5.00000      0.00000      0.00000
      772.500      301.862      0.00000      5.00000      0.00000      0.00000
      777.500      301.888      0.00000      5.00000      0.00000      0.00000
      782.500      301.913      0.00000      5.00000      0.00000      0.00000
      787.500      301.938      0.00000      5.00000      0.00000      0.00000
      792.500      301.962      0.00000      5.00000      0.00000      0.00000
      797.500      301.987      0.00000      5.00000      0.00000      0.00000
      802.500      302.013      0.00000      5.00000      0.00000      0.00000
      807.500      302.038      0.00000      5.00000      0.00000      0.00000
      812.500      302.062      0.00000      5.00000      0.00000      0.00000
      817.500      302.087      0.00000      5.00000      0.00000      0.00000
      822.500      302.112      0.00000      5.00000      0.00000      0.00000
      827.500      302.138      0.00000      5.00000      0.00000      0.00000
      832.500      302.163      0.00000      5.00000      0.00000      0.00000
      837.500      302.188      0.00000      5.00000      0.00000      0.00000
      842.500      302.212      0.00000      5.00000      0.00000      0.00000
      847.500      302.237      0.00000      5.00000      0.00000      0.00000
      852.500      302.263      0.00000      5.00000      0.00000      0.00000
      857.500      302.288      0.00000      5.00000      0.00000      0.00000
      862.500      302.312      0.00000      5.00000      0.00000      0.00000
      867.500      302.337      0.00000      5.00000      0.00000      0.00000
      872.500      302.362      0.00000      5.00000      0.00000      0.00000
      877.500      302.388      0.00000      5.00000      0.00000      0.00000
      882.500      302.413      0.00000      5.00000      0.00000      0.00000
      887.500      302.438      0.00000      5.00000      0.00000      0.00000
      892.500      302.462      0.00000      5.00000      0.00000      0.00000
      897.500      302.487      0.00000      5.00000      0.00000      0.00000
      902.500      302.513      0.00000      5.00000      0.00000      0.00000
      907.500      302.538      0.00000      5.00000      0.00000      0.00000
      912.500      302.562      0.00000      5.00000      0.00000      0.00000
      917.500      302.587      0.00000      5.00000      0.00000      0.00000
      922.500      302.612      0.00000      5.00000      0.00000      0.00000
      927.500      302.638      0.00000      5.00000      0.00000      0.00000
      932.500      302.663      0.00000      5.00000      0.00000      0.00000
      937.500      302.688      0.00000      5.00000      0.00000      0.00000
      942.500      302.712      0.00000      5.00000      0.00000      0.00000
      947.500      302.737      0.00000      5.00000      0.00000      0.00000
      952.500      302.763      0.00000      5.00000      0.00000      0.00000
      957.500      302.788      0.00000      5.00000      0.00000      0.00000
      962.500      302.812      0.00000      5.00000      0.00000      0.00000
      967.500      302.837      0.00000      5.00000      0.00000      0.00000
      972.500      302.862      0.00000      5.00000      0.00000      0.00000
      977.500      302.888      0.00000      5.00000      0.00000      0.00000
      982.500      302.913      0.00000      5.00000      0.00000      0.00000
      987.500      302.938      0.00000      5.00000      0.00000      0.00000
      992.500      302.962      0.00000      5.00000      0.00000      0.00000
      997.500      302.987      0.00000      5.00000      0.00000      0.00000
